ndt 10 15 -25 32 30 60 500000 5000 0.5 1.29459 14.6975 F
ndt 10 15 -25 32 60 60 500000 5000 0.5 1.2453 49.75537 F
ndt 10 15 -25 32 60 60 500000 5000 0.5 1.5058 23.0464 F
ndt 10 15 -25 32 30 60 500000 5000 0.5 1.36377 14.6449 F
icp 10 15 -25 32 30 60 500000 5000 0.5 1.21696 26.3507 F
icp 10 15 -25 32 30 60 500000 5000 0.5 1.28863 10.0315 F
icp 5 15 -25 32 30 60 500000 5000 0.5 1.20574 2.4182 F
ndt 10 15 -25 32 30 60 500000 5000 0.8 1.66954 49.0244 F
ndt 10 15 -25 32 30 60 500000 5000 0.9 1.51785 137.922 F
ndt 10 15 -25 32 30 60 500000 8000 0.9 1.3585 9.26417 F
ndt 10 15 -25 32 30 60 500000 3000 0.9 2.78743 60.5572 F
ndt 10 15 -25 32 30 60 500000 3000 0.9 1.34153 137.741 F
ndt 10 15 -25 32 30 60 500000 3000 1.5 1.49912 18.7095 F
ndt 10 15 -25 32 30 60 500000 3000 1.5 0.814273 170.191 P
icp 10 15 -25 32 30 60 500000 3000 1.5 0.80133 170.037 P
icp 10 15 -25 32 30 60 500000 6000 1.5 1.167 170.324 P
ndt 10 15 -25 32 30 60 500000 3000 1.5 1.20295 48.9229 F
ndt 5 15 -25 32 30 60 500000 3000 1.5 1.3235 12.6736 F
ndt 15 15 -25 32 30 60 500000 3000 1.5 0.882944 170.046 P
ndt 10 15 -25 32 30 60 500000 3000 1.5 1.20489 117.683 F

ndt 10 15 -25 32 30 60 500000 3000 1.5 1.60227 118.141 F
icp 10 15 -25 32 30 60 500000 3000 1.5 1.32964 3.23339 F
ndt 10 15 -25 32 30 60 500000 3000 1.5 1.39087 6.07046 F
ndt 10 15 -25 32 30 60 500000 map_loop.pcd 3000 1.5 1.70881 85.1609 F
ndt 10 15 -25 32 30 60 500000 map.pcd 3000 1.5 1.25197 10.1387 F
icp 10 15 -25 32 30 60 500000 map.pcd 3000 1.5 1.23806 1.22637 F
icp 10 15 -25 32 30 60 500000 map.pcd 3000 1.5 1.42959 1.5487 F
icp 15 15 -25 32 30 60 500000 map.pcd 3000 1.5 1.52009 1.35415 F
icp 15 15 -25 32 30 60 500000 map.pcd 3000 1.5 1.56679 1.48017 F
icp 15 15 -25 32 30 60 500000 map.pcd 3000 1.5 1.21957 1.3142 F
icp 15 15 -25 32 30 60 500000 map.pcd 3000 1.5 1.48089 1.3554 F
icp 15 15 -25 32 30 60 500000 map.pcd 20 3000 1.5 1.38342 63.6269 F
icp 15 15 -25 32 30 60 500000 map.pcd 6 3000 1.5 2.17907 2.07523 F
